Webots Project File version R2025a
perspectives: 000000ff00000000fd0000000300000000000001ca0000039ffc0200000001fb00000012005300630065006e0065005400720065006501000000000000039f000000000000000000000001000002e100000437fc0200000001fb0000001400540065007800740045006400690074006f0072010000001d000004370000009200ffffff0000000300000a00000000c3fc0100000002fb0000000e0043006f006e0073006f006c006501000000000000073f0000000000000000fb0000001a0043006f006e0073006f006c00650041006c006c0041006c006c010000000000000a000000006900ffffff0000071d0000043700000004000000040000000100000008fc00000000
simulationViewPerspectives: 000000ff0000000100000002000001b2000005690100000002010000000101
sceneTreePerspectives: 000000ff000000010000000300000026000002d2000000fa0100000002010000000201
minimizedPerspectives: 000000ff00000000fd0000000300000000000001ca0000039ffc0200000001fb00000012005300630065006e0065005400720065006501000000000000039f00000000000000000000000100000262000002d5fc0200000001fb0000001400540065007800740045006400690074006f00720100000000000002d50000008b00ffffff00000003000005e8000000bffc0100000002fb0000000e0043006f006e0073006f006c006501000000000000073f0000000000000000fb0000001a0043006f006e0073006f006c00650041006c006c0041006c006c0100000000000005e80000008700ffffff00000384000002d500000004000000040000000100000008fc00000000
maximizedDockId: -1
centralWidgetVisible: 1
orthographicViewHeight: 1
textFiles: 2 "controllers/my_controller/my_controller.py" "controllers/supervisor_controller/supervisor_controller.py" "controllers/client_controller/client_controller.py"
globalOptionalRendering: DistanceSensorRays::LidarPointClouds::LidarRaysPaths
consoles: Console:All:All
renderingDevicePerspectives: Khepera IV-1:camera;0;0.0666667;0;0
renderingDevicePerspectives: Khepera IV:camera;1;0.0666667;0;0
