Webots Project File version R2025a
perspectives: 000000ff00000000fd0000000300000000000001ca0000039ffc0200000001fb00000012005300630065006e0065005400720065006501000000000000039f00000000000000000000000100000262000002d5fc0200000001fb0000001400540065007800740045006400690074006f00720100000000000002d50000008b00ffffff00000003000005e8000000bffc0100000002fb0000000e0043006f006e0073006f006c006501000000000000073f0000000000000000fb0000001a0043006f006e0073006f006c00650041006c006c0041006c006c0100000000000005e80000008700ffffff00000384000002d500000004000000040000000100000008fc00000000
simulationViewPerspectives: 000000ff00000001000000020000016c0000042e0100000002010000000101
sceneTreePerspectives: 000000ff00000001000000030000001e000000c0000000fa0100000002010000000201
minimizedPerspectives: 000000ff00000000fd0000000300000000000001ca0000039ffc0200000001fb00000012005300630065006e0065005400720065006501000000000000039f00000000000000000000000100000262000002d5fc0200000001fb0000001400540065007800740045006400690074006f00720100000000000002d50000008b00ffffff00000003000005e8000000bffc0100000002fb0000000e0043006f006e0073006f006c006501000000000000073f0000000000000000fb0000001a0043006f006e0073006f006c00650041006c006c0041006c006c0100000000000005e80000008700ffffff00000384000002d500000004000000040000000100000008fc00000000
maximizedDockId: -1
centralWidgetVisible: 1
orthographicViewHeight: 1
textFiles: 1 "controllers/my_controller/my_controller.py" "controllers/supervisor_controller/supervisor_controller.py" "controllers/client_controller/client_controller.py"
consoles: Console:All:All
renderingDevicePerspectives: Khepera IV-1:camera;0;0.605053;0;0
renderingDevicePerspectives: Khepera IV:camera;0;0.166223;0;0
